Last login: Tue Jan 27 20:37:05 on ttys000
(base) jojoswife@MacBook-Air ~ % python
Python 3.13.9 | packaged by Anaconda, Inc. | (main, Oct 21 2025, 19:11:29) [Clang 20.1.8 ] on darwin
Type "help", "copyright", "credits" or "license" for more information.
>>> import math
... 
... def main():
...     # Number of table entries
...     num_points = 2000
... 
...     # Define the range
...     x_start = 0.0
...     x_end = 2.0
... 
...     # Step size
...     step = (x_end - x_start) / (num_points - 1)
... 
...     # Print table header
...     print("x\t\tsin(x)")
...     print("----------------------")
... 
...     # Generate and print table values
...     for i in range(num_points):
...         x = x_start + i * step
...         y = math.sin(x)
...         print(f"{x:.6f}\t{y:.6f}")
... 
... # Run the main function
... main()
... 
x		sin(x)
----------------------
0.000000	0.000000
0.001001	0.001001
0.002001	0.002001
0.003002	0.003001
0.004002	0.004002
0.005003	0.005002
0.006003	0.006003
0.007004	0.007003
0.008004	0.008004
0.009005	0.009004
0.010005	0.010005
0.011006	0.011005
0.012006	0.012006
0.013007	0.013006
0.014007	0.014007
0.015008	0.015007
0.016008	0.016007
0.017009	0.017008
0.018009	0.018008
0.019010	0.019008
0.020010	0.020009
0.021011	0.021009
0.022011	0.022009
0.023012	0.023009
0.024012	0.024010
0.025013	0.025010
0.026013	0.026010
0.027014	0.027010
0.028014	0.028010
0.029015	0.029010
0.030015	0.030011
0.031016	0.031011
0.032016	0.032011
0.033017	0.033011
0.034017	0.034010
0.035018	0.035010
0.036018	0.036010
0.037019	0.037010
0.038019	0.038010
0.039020	0.039010
0.040020	0.040009
0.041021	0.041009
0.042021	0.042009
0.043022	0.043008
0.044022	0.044008
0.045023	0.045007
0.046023	0.046007
0.047024	0.047006
0.048024	0.048006
0.049025	0.049005
0.050025	0.050004
0.051026	0.051003
0.052026	0.052003
0.053027	0.053002
0.054027	0.054001
0.055028	0.055000
0.056028	0.055999
0.057029	0.056998
0.058029	0.057996
0.059030	0.058995
0.060030	0.059994
0.061031	0.060993
0.062031	0.061991
0.063032	0.062990
0.064032	0.063988
0.065033	0.064987
0.066033	0.065985
0.067034	0.066983
0.068034	0.067982
0.069035	0.068980
0.070035	0.069978
0.071036	0.070976
0.072036	0.071974
0.073037	0.072972
0.074037	0.073969
0.075038	0.074967
0.076038	0.075965
0.077039	0.076962
0.078039	0.077960
0.079040	0.078957
0.080040	0.079955
0.081041	0.080952
0.082041	0.081949
0.083042	0.082946
0.084042	0.083943
0.085043	0.084940
0.086043	0.085937
0.087044	0.086934
0.088044	0.087930
0.089045	0.088927
0.090045	0.089923
0.091046	0.090920
0.092046	0.091916
0.093047	0.092912
0.094047	0.093908
0.095048	0.094904
0.096048	0.095900
0.097049	0.096896
0.098049	0.097892
0.099050	0.098888
0.100050	0.099883
0.101051	0.100879
0.102051	0.101874
0.103052	0.102869
0.104052	0.103864
0.105053	0.104859
0.106053	0.105854
0.107054	0.106849
0.108054	0.107844
0.109055	0.108838
0.110055	0.109833
0.111056	0.110827
0.112056	0.111822
0.113057	0.112816
0.114057	0.113810
0.115058	0.114804
0.116058	0.115798
0.117059	0.116791
0.118059	0.117785
0.119060	0.118778
0.120060	0.119772
0.121061	0.120765
0.122061	0.121758
0.123062	0.122751
0.124062	0.123744
0.125063	0.124737
0.126063	0.125729
0.127064	0.126722
0.128064	0.127714
0.129065	0.128707
0.130065	0.129699
0.131066	0.130691
0.132066	0.131682
0.133067	0.132674
0.134067	0.133666
0.135068	0.134657
0.136068	0.135649
0.137069	0.136640
0.138069	0.137631
0.139070	0.138622
0.140070	0.139612
0.141071	0.140603
0.142071	0.141594
0.143072	0.142584
0.144072	0.143574
0.145073	0.144564
0.146073	0.145554
0.147074	0.146544
0.148074	0.147534
0.149075	0.148523
0.150075	0.149512
0.151076	0.150502
0.152076	0.151491
0.153077	0.152479
0.154077	0.153468
0.155078	0.154457
0.156078	0.155445
0.157079	0.156433
0.158079	0.157421
0.159080	0.158409
0.160080	0.159397
0.161081	0.160385
0.162081	0.161372
0.163082	0.162360
0.164082	0.163347
0.165083	0.164334
0.166083	0.165321
0.167084	0.166307
0.168084	0.167294
0.169085	0.168280
0.170085	0.169266
0.171086	0.170252
0.172086	0.171238
0.173087	0.172224
0.174087	0.173209
0.175088	0.174194
0.176088	0.175179
0.177089	0.176164
0.178089	0.177149
0.179090	0.178134
0.180090	0.179118
0.181091	0.180102
0.182091	0.181086
0.183092	0.182070
0.184092	0.183054
0.185093	0.184037
0.186093	0.185021
0.187094	0.186004
0.188094	0.186987
0.189095	0.187970
0.190095	0.188952
0.191096	0.189935
0.192096	0.190917
0.193097	0.191899
0.194097	0.192881
0.195098	0.193862
0.196098	0.194844
0.197099	0.195825
0.198099	0.196806
0.199100	0.197787
0.200100	0.198767
0.201101	0.199748
0.202101	0.200728
0.203102	0.201708
0.204102	0.202688
0.205103	0.203668
0.206103	0.204647
0.207104	0.205626
0.208104	0.206605
0.209105	0.207584
0.210105	0.208563
0.211106	0.209541
0.212106	0.210519
0.213107	0.211497
0.214107	0.212475
0.215108	0.213453
0.216108	0.214430
0.217109	0.215407
0.218109	0.216384
0.219110	0.217361
0.220110	0.218337
0.221111	0.219313
0.222111	0.220289
0.223112	0.221265
0.224112	0.222241
0.225113	0.223216
0.226113	0.224191
0.227114	0.225166
0.228114	0.226141
0.229115	0.227115
0.230115	0.228090
0.231116	0.229064
0.232116	0.230037
0.233117	0.231011
0.234117	0.231984
0.235118	0.232957
0.236118	0.233930
0.237119	0.234903
0.238119	0.235875
0.239120	0.236847
0.240120	0.237819
0.241121	0.238791
0.242121	0.239762
0.243122	0.240734
0.244122	0.241705
0.245123	0.242675
0.246123	0.243646
0.247124	0.244616
0.248124	0.245586
0.249125	0.246556
0.250125	0.247525
0.251126	0.248494
0.252126	0.249463
0.253127	0.250432
0.254127	0.251401
0.255128	0.252369
0.256128	0.253337
0.257129	0.254305
0.258129	0.255272
0.259130	0.256239
0.260130	0.257206
0.261131	0.258173
0.262131	0.259139
0.263132	0.260106
0.264132	0.261072
0.265133	0.262037
0.266133	0.263003
0.267134	0.263968
0.268134	0.264933
0.269135	0.265897
0.270135	0.266862
0.271136	0.267826
0.272136	0.268790
0.273137	0.269753
0.274137	0.270716
0.275138	0.271679
0.276138	0.272642
0.277139	0.273605
0.278139	0.274567
0.279140	0.275529
0.280140	0.276490
0.281141	0.277452
0.282141	0.278413
0.283142	0.279374
0.284142	0.280334
0.285143	0.281294
0.286143	0.282254
0.287144	0.283214
0.288144	0.284173
0.289145	0.285132
0.290145	0.286091
0.291146	0.287050
0.292146	0.288008
0.293147	0.288966
0.294147	0.289924
0.295148	0.290881
0.296148	0.291838
0.297149	0.292795
0.298149	0.293751
0.299150	0.294708
0.300150	0.295664
0.301151	0.296619
0.302151	0.297575
0.303152	0.298530
0.304152	0.299484
0.305153	0.300439
0.306153	0.301393
0.307154	0.302347
0.308154	0.303300
0.309155	0.304253
0.310155	0.305206
0.311156	0.306159
0.312156	0.307111
0.313157	0.308063
0.314157	0.309015
0.315158	0.309966
0.316158	0.310917
0.317159	0.311868
0.318159	0.312819
0.319160	0.313769
0.320160	0.314719
0.321161	0.315668
0.322161	0.316617
0.323162	0.317566
0.324162	0.318515
0.325163	0.319463
0.326163	0.320411
0.327164	0.321358
0.328164	0.322306
0.329165	0.323253
0.330165	0.324199
0.331166	0.325145
0.332166	0.326091
0.333167	0.327037
0.334167	0.327982
0.335168	0.328927
0.336168	0.329872
0.337169	0.330816
0.338169	0.331760
0.339170	0.332704
0.340170	0.333647
0.341171	0.334590
0.342171	0.335533
0.343172	0.336475
0.344172	0.337417
0.345173	0.338359
0.346173	0.339300
0.347174	0.340241
0.348174	0.341182
0.349175	0.342122
0.350175	0.343062
0.351176	0.344002
0.352176	0.344941
0.353177	0.345880
0.354177	0.346819
0.355178	0.347757
0.356178	0.348695
0.357179	0.349632
0.358179	0.350569
0.359180	0.351506
0.360180	0.352443
0.361181	0.353379
0.362181	0.354315
0.363182	0.355250
0.364182	0.356185
0.365183	0.357120
0.366183	0.358054
0.367184	0.358988
0.368184	0.359922
0.369185	0.360855
0.370185	0.361788
0.371186	0.362721
0.372186	0.363653
0.373187	0.364585
0.374187	0.365516
0.375188	0.366447
0.376188	0.367378
0.377189	0.368308
0.378189	0.369238
0.379190	0.370168
0.380190	0.371097
0.381191	0.372026
0.382191	0.372954
0.383192	0.373882
0.384192	0.374810
0.385193	0.375738
0.386193	0.376665
0.387194	0.377591
0.388194	0.378518
0.389195	0.379443
0.390195	0.380369
0.391196	0.381294
0.392196	0.382219
0.393197	0.383143
0.394197	0.384067
0.395198	0.384991
0.396198	0.385914
0.397199	0.386837
0.398199	0.387759
0.399200	0.388681
0.400200	0.389603
0.401201	0.390524
0.402201	0.391445
0.403202	0.392365
0.404202	0.393285
0.405203	0.394205
0.406203	0.395124
0.407204	0.396043
0.408204	0.396962
0.409205	0.397880
0.410205	0.398797
0.411206	0.399715
0.412206	0.400632
0.413207	0.401548
0.414207	0.402464
0.415208	0.403380
0.416208	0.404295
0.417209	0.405210
0.418209	0.406125
0.419210	0.407039
0.420210	0.407952
0.421211	0.408866
0.422211	0.409778
0.423212	0.410691
0.424212	0.411603
0.425213	0.412514
0.426213	0.413426
0.427214	0.414336
0.428214	0.415247
0.429215	0.416157
0.430215	0.417066
0.431216	0.417975
0.432216	0.418884
0.433217	0.419792
0.434217	0.420700
0.435218	0.421608
0.436218	0.422515
0.437219	0.423421
0.438219	0.424328
0.439220	0.425233
0.440220	0.426139
0.441221	0.427043
0.442221	0.427948
0.443222	0.428852
0.444222	0.429756
0.445223	0.430659
0.446223	0.431562
0.447224	0.432464
0.448224	0.433366
0.449225	0.434267
0.450225	0.435168
0.451226	0.436069
0.452226	0.436969
0.453227	0.437869
0.454227	0.438768
0.455228	0.439667
0.456228	0.440565
0.457229	0.441463
0.458229	0.442361
0.459230	0.443258
0.460230	0.444154
0.461231	0.445050
0.462231	0.445946
0.463232	0.446841
0.464232	0.447736
0.465233	0.448631
0.466233	0.449525
0.467234	0.450418
0.468234	0.451311
0.469235	0.452204
0.470235	0.453096
0.471236	0.453988
0.472236	0.454879
0.473237	0.455770
0.474237	0.456660
0.475238	0.457550
0.476238	0.458439
0.477239	0.459328
0.478239	0.460217
0.479240	0.461105
0.480240	0.461992
0.481241	0.462879
0.482241	0.463766
0.483242	0.464652
0.484242	0.465538
0.485243	0.466423
0.486243	0.467308
0.487244	0.468192
0.488244	0.469076
0.489245	0.469959
0.490245	0.470842
0.491246	0.471725
0.492246	0.472607
0.493247	0.473488
0.494247	0.474369
0.495248	0.475250
0.496248	0.476130
0.497249	0.477009
0.498249	0.477888
0.499250	0.478767
0.500250	0.479645
0.501251	0.480523
0.502251	0.481400
0.503252	0.482277
0.504252	0.483153
0.505253	0.484029
0.506253	0.484904
0.507254	0.485779
0.508254	0.486653
0.509255	0.487527
0.510255	0.488400
0.511256	0.489273
0.512256	0.490145
0.513257	0.491017
0.514257	0.491888
0.515258	0.492759
0.516258	0.493629
0.517259	0.494499
0.518259	0.495369
0.519260	0.496237
0.520260	0.497106
0.521261	0.497974
0.522261	0.498841
0.523262	0.499708
0.524262	0.500574
0.525263	0.501440
0.526263	0.502306
0.527264	0.503170
0.528264	0.504035
0.529265	0.504899
0.530265	0.505762
0.531266	0.506625
0.532266	0.507487
0.533267	0.508349
0.534267	0.509210
0.535268	0.510071
0.536268	0.510932
0.537269	0.511791
0.538269	0.512651
0.539270	0.513509
0.540270	0.514368
0.541271	0.515225
0.542271	0.516083
0.543272	0.516939
0.544272	0.517796
0.545273	0.518651
0.546273	0.519506
0.547274	0.520361
0.548274	0.521215
0.549275	0.522069
0.550275	0.522922
0.551276	0.523774
0.552276	0.524626
0.553277	0.525478
0.554277	0.526329
0.555278	0.527179
0.556278	0.528029
0.557279	0.528879
0.558279	0.529727
0.559280	0.530576
0.560280	0.531424
0.561281	0.532271
0.562281	0.533118
0.563282	0.533964
0.564282	0.534809
0.565283	0.535655
0.566283	0.536499
0.567284	0.537343
0.568284	0.538187
0.569285	0.539030
0.570285	0.539872
0.571286	0.540714
0.572286	0.541555
0.573287	0.542396
0.574287	0.543236
0.575288	0.544076
0.576288	0.544915
0.577289	0.545754
0.578289	0.546592
0.579290	0.547430
0.580290	0.548267
0.581291	0.549103
0.582291	0.549939
0.583292	0.550774
0.584292	0.551609
0.585293	0.552443
0.586293	0.553277
0.587294	0.554110
0.588294	0.554943
0.589295	0.555775
0.590295	0.556606
0.591296	0.557437
0.592296	0.558268
0.593297	0.559097
0.594297	0.559927
0.595298	0.560755
0.596298	0.561583
0.597299	0.562411
0.598299	0.563238
0.599300	0.564064
0.600300	0.564890
0.601301	0.565715
0.602301	0.566540
0.603302	0.567364
0.604302	0.568188
0.605303	0.569011
0.606303	0.569833
0.607304	0.570655
0.608304	0.571477
0.609305	0.572297
0.610305	0.573118
0.611306	0.573937
0.612306	0.574756
0.613307	0.575575
0.614307	0.576392
0.615308	0.577210
0.616308	0.578026
0.617309	0.578843
0.618309	0.579658
0.619310	0.580473
0.620310	0.581288
0.621311	0.582101
0.622311	0.582915
0.623312	0.583727
0.624312	0.584539
0.625313	0.585351
0.626313	0.586162
0.627314	0.586972
0.628314	0.587782
0.629315	0.588591
0.630315	0.589399
0.631316	0.590207
0.632316	0.591015
0.633317	0.591821
0.634317	0.592628
0.635318	0.593433
0.636318	0.594238
0.637319	0.595043
0.638319	0.595846
0.639320	0.596650
0.640320	0.597452
0.641321	0.598254
0.642321	0.599056
0.643322	0.599856
0.644322	0.600657
0.645323	0.601456
0.646323	0.602255
0.647324	0.603054
0.648324	0.603851
0.649325	0.604649
0.650325	0.605445
0.651326	0.606241
0.652326	0.607037
0.653327	0.607831
0.654327	0.608626
0.655328	0.609419
0.656328	0.610212
0.657329	0.611004
0.658329	0.611796
0.659330	0.612587
0.660330	0.613378
0.661331	0.614168
0.662331	0.614957
0.663332	0.615745
0.664332	0.616533
0.665333	0.617321
0.666333	0.618108
0.667334	0.618894
0.668334	0.619679
0.669335	0.620464
0.670335	0.621249
0.671336	0.622032
0.672336	0.622815
0.673337	0.623598
0.674337	0.624380
0.675338	0.625161
0.676338	0.625941
0.677339	0.626721
0.678339	0.627501
0.679340	0.628279
0.680340	0.629057
0.681341	0.629835
0.682341	0.630612
0.683342	0.631388
0.684342	0.632163
0.685343	0.632938
0.686343	0.633713
0.687344	0.634486
0.688344	0.635259
0.689345	0.636032
0.690345	0.636803
0.691346	0.637574
0.692346	0.638345
0.693347	0.639115
0.694347	0.639884
0.695348	0.640652
0.696348	0.641420
0.697349	0.642188
0.698349	0.642954
0.699350	0.643720
0.700350	0.644485
0.701351	0.645250
0.702351	0.646014
0.703352	0.646778
0.704352	0.647540
0.705353	0.648302
0.706353	0.649064
0.707354	0.649825
0.708354	0.650585
0.709355	0.651344
0.710355	0.652103
0.711356	0.652861
0.712356	0.653619
0.713357	0.654376
0.714357	0.655132
0.715358	0.655887
0.716358	0.656642
0.717359	0.657397
0.718359	0.658150
0.719360	0.658903
0.720360	0.659655
0.721361	0.660407
0.722361	0.661158
0.723362	0.661908
0.724362	0.662658
0.725363	0.663407
0.726363	0.664155
0.727364	0.664903
0.728364	0.665650
0.729365	0.666396
0.730365	0.667142
0.731366	0.667887
0.732366	0.668631
0.733367	0.669375
0.734367	0.670118
0.735368	0.670860
0.736368	0.671601
0.737369	0.672342
0.738369	0.673083
0.739370	0.673822
0.740370	0.674561
0.741371	0.675299
0.742371	0.676037
0.743372	0.676774
0.744372	0.677510
0.745373	0.678246
0.746373	0.678981
0.747374	0.679715
0.748374	0.680448
0.749375	0.681181
0.750375	0.681913
0.751376	0.682645
0.752376	0.683375
0.753377	0.684106
0.754377	0.684835
0.755378	0.685564
0.756378	0.686292
0.757379	0.687019
0.758379	0.687746
0.759380	0.688472
0.760380	0.689197
0.761381	0.689922
0.762381	0.690645
0.763382	0.691369
0.764382	0.692091
0.765383	0.692813
0.766383	0.693534
0.767384	0.694255
0.768384	0.694974
0.769385	0.695693
0.770385	0.696412
0.771386	0.697129
0.772386	0.697846
0.773387	0.698563
0.774387	0.699278
0.775388	0.699993
0.776388	0.700707
0.777389	0.701421
0.778389	0.702133
0.779390	0.702845
0.780390	0.703557
0.781391	0.704267
0.782391	0.704977
0.783392	0.705687
0.784392	0.706395
0.785393	0.707103
0.786393	0.707810
0.787394	0.708516
0.788394	0.709222
0.789395	0.709927
0.790395	0.710631
0.791396	0.711335
0.792396	0.712038
0.793397	0.712740
0.794397	0.713441
0.795398	0.714142
0.796398	0.714842
0.797399	0.715541
0.798399	0.716240
0.799400	0.716938
0.800400	0.717635
0.801401	0.718331
0.802401	0.719027
0.803402	0.719722
0.804402	0.720416
0.805403	0.721110
0.806403	0.721803
0.807404	0.722495
0.808404	0.723186
0.809405	0.723877
0.810405	0.724567
0.811406	0.725256
0.812406	0.725944
0.813407	0.726632
0.814407	0.727319
0.815408	0.728005
0.816408	0.728691
0.817409	0.729376
0.818409	0.730060
0.819410	0.730743
0.820410	0.731426
0.821411	0.732108
0.822411	0.732789
0.823412	0.733469
0.824412	0.734149
0.825413	0.734828
0.826413	0.735506
0.827414	0.736183
0.828414	0.736860
0.829415	0.737536
0.830415	0.738212
0.831416	0.738886
0.832416	0.739560
0.833417	0.740233
0.834417	0.740905
0.835418	0.741577
0.836418	0.742248
0.837419	0.742918
0.838419	0.743587
0.839420	0.744256
0.840420	0.744924
0.841421	0.745591
0.842421	0.746257
0.843422	0.746923
0.844422	0.747587
0.845423	0.748252
0.846423	0.748915
0.847424	0.749578
0.848424	0.750239
0.849425	0.750901
0.850425	0.751561
0.851426	0.752221
0.852426	0.752879
0.853427	0.753538
0.854427	0.754195
0.855428	0.754852
0.856428	0.755507
0.857429	0.756162
0.858429	0.756817
0.859430	0.757470
0.860430	0.758123
0.861431	0.758775
0.862431	0.759427
0.863432	0.760077
0.864432	0.760727
0.865433	0.761376
0.866433	0.762024
0.867434	0.762672
0.868434	0.763318
0.869435	0.763964
0.870435	0.764610
0.871436	0.765254
0.872436	0.765898
0.873437	0.766541
0.874437	0.767183
0.875438	0.767824
0.876438	0.768465
0.877439	0.769104
0.878439	0.769743
0.879440	0.770382
0.880440	0.771019
0.881441	0.771656
0.882441	0.772292
0.883442	0.772927
0.884442	0.773562
0.885443	0.774195
0.886443	0.774828
0.887444	0.775460
0.888444	0.776092
0.889445	0.776722
0.890445	0.777352
0.891446	0.777981
0.892446	0.778609
0.893447	0.779237
0.894447	0.779863
0.895448	0.780489
0.896448	0.781114
0.897449	0.781738
0.898449	0.782362
0.899450	0.782985
0.900450	0.783607
0.901451	0.784228
0.902451	0.784848
0.903452	0.785468
0.904452	0.786087
0.905453	0.786705
0.906453	0.787322
0.907454	0.787938
0.908454	0.788554
0.909455	0.789169
0.910455	0.789783
0.911456	0.790396
0.912456	0.791009
0.913457	0.791621
0.914457	0.792231
0.915458	0.792842
0.916458	0.793451
0.917459	0.794059
0.918459	0.794667
0.919460	0.795274
0.920460	0.795880
0.921461	0.796486
0.922461	0.797090
0.923462	0.797694
0.924462	0.798297
0.925463	0.798899
0.926463	0.799501
0.927464	0.800101
0.928464	0.800701
0.929465	0.801300
0.930465	0.801898
0.931466	0.802495
0.932466	0.803092
0.933467	0.803688
0.934467	0.804283
0.935468	0.804877
0.936468	0.805470
0.937469	0.806063
0.938469	0.806654
0.939470	0.807245
0.940470	0.807835
0.941471	0.808425
0.942471	0.809013
0.943472	0.809601
0.944472	0.810188
0.945473	0.810774
0.946473	0.811359
0.947474	0.811943
0.948474	0.812527
0.949475	0.813110
0.950475	0.813692
0.951476	0.814273
0.952476	0.814853
0.953477	0.815433
0.954477	0.816012
0.955478	0.816590
0.956478	0.817167
0.957479	0.817743
0.958479	0.818318
0.959480	0.818893
0.960480	0.819467
0.961481	0.820040
0.962481	0.820612
0.963482	0.821183
0.964482	0.821754
0.965483	0.822324
0.966483	0.822893
0.967484	0.823461
0.968484	0.824028
0.969485	0.824594
0.970485	0.825160
0.971486	0.825725
0.972486	0.826289
0.973487	0.826852
0.974487	0.827414
0.975488	0.827975
0.976488	0.828536
0.977489	0.829096
0.978489	0.829655
0.979490	0.830213
0.980490	0.830770
0.981491	0.831327
0.982491	0.831882
0.983492	0.832437
0.984492	0.832991
0.985493	0.833544
0.986493	0.834097
0.987494	0.834648
0.988494	0.835199
0.989495	0.835749
0.990495	0.836298
0.991496	0.836846
0.992496	0.837393
0.993497	0.837939
0.994497	0.838485
0.995498	0.839030
0.996498	0.839574
0.997499	0.840117
0.998499	0.840659
0.999500	0.841201
1.000500	0.841741
1.001501	0.842281
1.002501	0.842820
1.003502	0.843358
1.004502	0.843895
1.005503	0.844431
1.006503	0.844967
1.007504	0.845502
1.008504	0.846035
1.009505	0.846568
1.010505	0.847100
1.011506	0.847632
1.012506	0.848162
1.013507	0.848692
1.014507	0.849220
1.015508	0.849748
1.016508	0.850275
1.017509	0.850802
1.018509	0.851327
1.019510	0.851851
1.020510	0.852375
1.021511	0.852898
1.022511	0.853420
1.023512	0.853941
1.024512	0.854461
1.025513	0.854980
1.026513	0.855499
1.027514	0.856016
1.028514	0.856533
1.029515	0.857049
1.030515	0.857564
1.031516	0.858078
1.032516	0.858592
1.033517	0.859104
1.034517	0.859616
1.035518	0.860127
1.036518	0.860636
1.037519	0.861146
1.038519	0.861654
1.039520	0.862161
1.040520	0.862667
1.041521	0.863173
1.042521	0.863678
1.043522	0.864182
1.044522	0.864685
1.045523	0.865187
1.046523	0.865688
1.047524	0.866188
1.048524	0.866688
1.049525	0.867187
1.050525	0.867684
1.051526	0.868181
1.052526	0.868677
1.053527	0.869173
1.054527	0.869667
1.055528	0.870160
1.056528	0.870653
1.057529	0.871145
1.058529	0.871636
1.059530	0.872126
1.060530	0.872615
1.061531	0.873103
1.062531	0.873590
1.063532	0.874077
1.064532	0.874562
1.065533	0.875047
1.066533	0.875531
1.067534	0.876014
1.068534	0.876496
1.069535	0.876977
1.070535	0.877457
1.071536	0.877937
1.072536	0.878415
1.073537	0.878893
1.074537	0.879370
1.075538	0.879846
1.076538	0.880321
1.077539	0.880795
1.078539	0.881268
1.079540	0.881741
1.080540	0.882212
1.081541	0.882683
1.082541	0.883153
1.083542	0.883622
1.084542	0.884090
1.085543	0.884557
1.086543	0.885023
1.087544	0.885488
1.088544	0.885953
1.089545	0.886416
1.090545	0.886879
1.091546	0.887341
1.092546	0.887802
1.093547	0.888262
1.094547	0.888721
1.095548	0.889179
1.096548	0.889636
1.097549	0.890093
1.098549	0.890548
1.099550	0.891003
1.100550	0.891457
1.101551	0.891910
1.102551	0.892362
1.103552	0.892813
1.104552	0.893263
1.105553	0.893712
1.106553	0.894161
1.107554	0.894608
1.108554	0.895055
1.109555	0.895501
1.110555	0.895945
1.111556	0.896389
1.112556	0.896832
1.113557	0.897275
1.114557	0.897716
1.115558	0.898156
1.116558	0.898596
1.117559	0.899034
1.118559	0.899472
1.119560	0.899909
1.120560	0.900344
1.121561	0.900779
1.122561	0.901213
1.123562	0.901647
1.124562	0.902079
1.125563	0.902510
1.126563	0.902941
1.127564	0.903370
1.128564	0.903799
1.129565	0.904226
1.130565	0.904653
1.131566	0.905079
1.132566	0.905504
1.133567	0.905928
1.134567	0.906351
1.135568	0.906774
1.136568	0.907195
1.137569	0.907616
1.138569	0.908035
1.139570	0.908454
1.140570	0.908871
1.141571	0.909288
1.142571	0.909704
1.143572	0.910119
1.144572	0.910533
1.145573	0.910947
1.146573	0.911359
1.147574	0.911770
1.148574	0.912181
1.149575	0.912590
1.150575	0.912999
1.151576	0.913406
1.152576	0.913813
1.153577	0.914219
1.154577	0.914624
1.155578	0.915028
1.156578	0.915431
1.157579	0.915834
1.158579	0.916235
1.159580	0.916635
1.160580	0.917035
1.161581	0.917433
1.162581	0.917831
1.163582	0.918228
1.164582	0.918623
1.165583	0.919018
1.166583	0.919412
1.167584	0.919805
1.168584	0.920197
1.169585	0.920589
1.170585	0.920979
1.171586	0.921368
1.172586	0.921757
1.173587	0.922144
1.174587	0.922531
1.175588	0.922916
1.176588	0.923301
1.177589	0.923685
1.178589	0.924068
1.179590	0.924450
1.180590	0.924831
1.181591	0.925211
1.182591	0.925590
1.183592	0.925968
1.184592	0.926346
1.185593	0.926722
1.186593	0.927097
1.187594	0.927472
1.188594	0.927846
1.189595	0.928218
1.190595	0.928590
1.191596	0.928961
1.192596	0.929331
1.193597	0.929700
1.194597	0.930068
1.195598	0.930435
1.196598	0.930801
1.197599	0.931166
1.198599	0.931531
1.199600	0.931894
1.200600	0.932256
1.201601	0.932618
1.202601	0.932979
1.203602	0.933338
1.204602	0.933697
1.205603	0.934055
1.206603	0.934412
1.207604	0.934767
1.208604	0.935122
1.209605	0.935476
1.210605	0.935830
1.211606	0.936182
1.212606	0.936533
1.213607	0.936883
1.214607	0.937233
1.215608	0.937581
1.216608	0.937928
1.217609	0.938275
1.218609	0.938621
1.219610	0.938965
1.220610	0.939309
1.221611	0.939652
1.222611	0.939994
1.223612	0.940334
1.224612	0.940674
1.225613	0.941013
1.226613	0.941351
1.227614	0.941689
1.228614	0.942025
1.229615	0.942360
1.230615	0.942694
1.231616	0.943028
1.232616	0.943360
1.233617	0.943692
1.234617	0.944022
1.235618	0.944352
1.236618	0.944680
1.237619	0.945008
1.238619	0.945335
1.239620	0.945660
1.240620	0.945985
1.241621	0.946309
1.242621	0.946632
1.243622	0.946954
1.244622	0.947275
1.245623	0.947595
1.246623	0.947914
1.247624	0.948233
1.248624	0.948550
1.249625	0.948866
1.250625	0.949182
1.251626	0.949496
1.252626	0.949809
1.253627	0.950122
1.254627	0.950434
1.255628	0.950744
1.256628	0.951054
1.257629	0.951363
1.258629	0.951670
1.259630	0.951977
1.260630	0.952283
1.261631	0.952588
1.262631	0.952892
1.263632	0.953195
1.264632	0.953497
1.265633	0.953798
1.266633	0.954098
1.267634	0.954397
1.268634	0.954695
1.269635	0.954993
1.270635	0.955289
1.271636	0.955584
1.272636	0.955879
1.273637	0.956172
1.274637	0.956465
1.275638	0.956756
1.276638	0.957047
1.277639	0.957336
1.278639	0.957625
1.279640	0.957913
1.280640	0.958199
1.281641	0.958485
1.282641	0.958770
1.283642	0.959054
1.284642	0.959337
1.285643	0.959618
1.286643	0.959899
1.287644	0.960179
1.288644	0.960458
1.289645	0.960737
1.290645	0.961014
1.291646	0.961290
1.292646	0.961565
1.293647	0.961839
1.294647	0.962113
1.295648	0.962385
1.296648	0.962656
1.297649	0.962927
1.298649	0.963196
1.299650	0.963464
1.300650	0.963732
1.301651	0.963998
1.302651	0.964264
1.303652	0.964529
1.304652	0.964792
1.305653	0.965055
1.306653	0.965317
1.307654	0.965577
1.308654	0.965837
1.309655	0.966096
1.310655	0.966354
1.311656	0.966611
1.312656	0.966866
1.313657	0.967121
1.314657	0.967375
1.315658	0.967628
1.316658	0.967880
1.317659	0.968131
1.318659	0.968382
1.319660	0.968631
1.320660	0.968879
1.321661	0.969126
1.322661	0.969372
1.323662	0.969617
1.324662	0.969862
1.325663	0.970105
1.326663	0.970347
1.327664	0.970589
1.328664	0.970829
1.329665	0.971068
1.330665	0.971307
1.331666	0.971544
1.332666	0.971781
1.333667	0.972016
1.334667	0.972251
1.335668	0.972484
1.336668	0.972717
1.337669	0.972949
1.338669	0.973179
1.339670	0.973409
1.340670	0.973638
1.341671	0.973865
1.342671	0.974092
1.343672	0.974318
1.344672	0.974543
1.345673	0.974767
1.346673	0.974989
1.347674	0.975211
1.348674	0.975432
1.349675	0.975652
1.350675	0.975871
1.351676	0.976089
1.352676	0.976306
1.353677	0.976522
1.354677	0.976737
1.355678	0.976951
1.356678	0.977164
1.357679	0.977376
1.358679	0.977587
1.359680	0.977798
1.360680	0.978007
1.361681	0.978215
1.362681	0.978422
1.363682	0.978628
1.364682	0.978834
1.365683	0.979038
1.366683	0.979241
1.367684	0.979443
1.368684	0.979645
1.369685	0.979845
1.370685	0.980045
1.371686	0.980243
1.372686	0.980440
1.373687	0.980637
1.374687	0.980832
1.375688	0.981027
1.376688	0.981220
1.377689	0.981413
1.378689	0.981604
1.379690	0.981795
1.380690	0.981984
1.381691	0.982173
1.382691	0.982360
1.383692	0.982547
1.384692	0.982733
1.385693	0.982917
1.386693	0.983101
1.387694	0.983284
1.388694	0.983465
1.389695	0.983646
1.390695	0.983826
1.391696	0.984004
1.392696	0.984182
1.393697	0.984359
1.394697	0.984535
1.395698	0.984709
1.396698	0.984883
1.397699	0.985056
1.398699	0.985228
1.399700	0.985399
1.400700	0.985569
1.401701	0.985737
1.402701	0.985905
1.403702	0.986072
1.404702	0.986238
1.405703	0.986403
1.406703	0.986567
1.407704	0.986730
1.408704	0.986892
1.409705	0.987053
1.410705	0.987213
1.411706	0.987372
1.412706	0.987530
1.413707	0.987687
1.414707	0.987843
1.415708	0.987998
1.416708	0.988152
1.417709	0.988305
1.418709	0.988457
1.419710	0.988608
1.420710	0.988758
1.421711	0.988907
1.422711	0.989055
1.423712	0.989203
1.424712	0.989349
1.425713	0.989494
1.426713	0.989638
1.427714	0.989781
1.428714	0.989923
1.429715	0.990065
1.430715	0.990205
1.431716	0.990344
1.432716	0.990482
1.433717	0.990619
1.434717	0.990756
1.435718	0.990891
1.436718	0.991025
1.437719	0.991158
1.438719	0.991291
1.439720	0.991422
1.440720	0.991552
1.441721	0.991681
1.442721	0.991810
1.443722	0.991937
1.444722	0.992063
1.445723	0.992189
1.446723	0.992313
1.447724	0.992436
1.448724	0.992558
1.449725	0.992680
1.450725	0.992800
1.451726	0.992919
1.452726	0.993038
1.453727	0.993155
1.454727	0.993272
1.455728	0.993387
1.456728	0.993501
1.457729	0.993615
1.458729	0.993727
1.459730	0.993838
1.460730	0.993949
1.461731	0.994058
1.462731	0.994167
1.463732	0.994274
1.464732	0.994380
1.465733	0.994486
1.466733	0.994590
1.467734	0.994694
1.468734	0.994796
1.469735	0.994898
1.470735	0.994998
1.471736	0.995098
1.472736	0.995196
1.473737	0.995293
1.474737	0.995390
1.475738	0.995485
1.476738	0.995580
1.477739	0.995673
1.478739	0.995766
1.479740	0.995857
1.480740	0.995948
1.481741	0.996037
1.482741	0.996126
1.483742	0.996213
1.484742	0.996300
1.485743	0.996385
1.486743	0.996470
1.487744	0.996553
1.488744	0.996636
1.489745	0.996717
1.490745	0.996798
1.491746	0.996877
1.492746	0.996956
1.493747	0.997033
1.494747	0.997110
1.495748	0.997185
1.496748	0.997260
1.497749	0.997333
1.498749	0.997406
1.499750	0.997477
1.500750	0.997548
1.501751	0.997617
1.502751	0.997686
1.503752	0.997753
1.504752	0.997820
1.505753	0.997885
1.506753	0.997950
1.507754	0.998013
1.508754	0.998076
1.509755	0.998138
1.510755	0.998198
1.511756	0.998258
1.512756	0.998316
1.513757	0.998374
1.514757	0.998430
1.515758	0.998486
1.516758	0.998540
1.517759	0.998594
1.518759	0.998646
1.519760	0.998698
1.520760	0.998748
1.521761	0.998798
1.522761	0.998847
1.523762	0.998894
1.524762	0.998941
1.525763	0.998986
1.526763	0.999031
1.527764	0.999074
1.528764	0.999117
1.529765	0.999158
1.530765	0.999199
1.531766	0.999238
1.532766	0.999277
1.533767	0.999314
1.534767	0.999351
1.535768	0.999387
1.536768	0.999421
1.537769	0.999455
1.538769	0.999487
1.539770	0.999519
1.540770	0.999549
1.541771	0.999579
1.542771	0.999607
1.543772	0.999635
1.544772	0.999661
1.545773	0.999687
1.546773	0.999711
1.547774	0.999735
1.548774	0.999758
1.549775	0.999779
1.550775	0.999800
1.551776	0.999819
1.552776	0.999838
1.553777	0.999855
1.554777	0.999872
1.555778	0.999887
1.556778	0.999902
1.557779	0.999915
1.558779	0.999928
1.559780	0.999939
1.560780	0.999950
1.561781	0.999959
1.562781	0.999968
1.563782	0.999975
1.564782	0.999982
1.565783	0.999987
1.566783	0.999992
1.567784	0.999995
1.568784	0.999998
1.569785	0.999999
1.570785	1.000000
1.571786	1.000000
1.572786	0.999998
1.573787	0.999996
1.574787	0.999992
1.575788	0.999988
1.576788	0.999982
1.577789	0.999976
1.578789	0.999968
1.579790	0.999960
1.580790	0.999950
1.581791	0.999940
1.582791	0.999928
1.583792	0.999916
1.584792	0.999902
1.585793	0.999888
1.586793	0.999872
1.587794	0.999856
1.588794	0.999838
1.589795	0.999820
1.590795	0.999800
1.591796	0.999780
1.592796	0.999758
1.593797	0.999735
1.594797	0.999712
1.595798	0.999687
1.596798	0.999662
1.597799	0.999635
1.598799	0.999608
1.599800	0.999579
1.600800	0.999550
1.601801	0.999519
1.602801	0.999488
1.603802	0.999455
1.604802	0.999422
1.605803	0.999387
1.606803	0.999352
1.607804	0.999315
1.608804	0.999278
1.609805	0.999239
1.610805	0.999200
1.611806	0.999159
1.612806	0.999118
1.613807	0.999075
1.614807	0.999032
1.615808	0.998987
1.616808	0.998942
1.617809	0.998895
1.618809	0.998848
1.619810	0.998799
1.620810	0.998750
1.621811	0.998699
1.622811	0.998648
1.623812	0.998595
1.624812	0.998541
1.625813	0.998487
1.626813	0.998431
1.627814	0.998375
1.628814	0.998317
1.629815	0.998259
1.630815	0.998199
1.631816	0.998139
1.632816	0.998077
1.633817	0.998015
1.634817	0.997951
1.635818	0.997887
1.636818	0.997821
1.637819	0.997755
1.638819	0.997687
1.639820	0.997619
1.640820	0.997549
1.641821	0.997479
1.642821	0.997407
1.643822	0.997335
1.644822	0.997261
1.645823	0.997187
1.646823	0.997111
1.647824	0.997035
1.648824	0.996957
1.649825	0.996879
1.650825	0.996799
1.651826	0.996719
1.652826	0.996637
1.653827	0.996555
1.654827	0.996471
1.655828	0.996387
1.656828	0.996302
1.657829	0.996215
1.658829	0.996128
1.659830	0.996039
1.660830	0.995950
1.661831	0.995859
1.662831	0.995768
1.663832	0.995675
1.664832	0.995582
1.665833	0.995487
1.666833	0.995392
1.667834	0.995296
1.668834	0.995198
1.669835	0.995100
1.670835	0.995000
1.671836	0.994900
1.672836	0.994798
1.673837	0.994696
1.674837	0.994593
1.675838	0.994488
1.676838	0.994383
1.677839	0.994276
1.678839	0.994169
1.679840	0.994061
1.680840	0.993951
1.681841	0.993841
1.682841	0.993730
1.683842	0.993617
1.684842	0.993504
1.685843	0.993389
1.686843	0.993274
1.687844	0.993158
1.688844	0.993040
1.689845	0.992922
1.690845	0.992803
1.691846	0.992682
1.692846	0.992561
1.693847	0.992439
1.694847	0.992316
1.695848	0.992191
1.696848	0.992066
1.697849	0.991940
1.698849	0.991812
1.699850	0.991684
1.700850	0.991555
1.701851	0.991425
1.702851	0.991293
1.703852	0.991161
1.704852	0.991028
1.705853	0.990894
1.706853	0.990759
1.707854	0.990622
1.708854	0.990485
1.709855	0.990347
1.710855	0.990208
1.711856	0.990068
1.712856	0.989926
1.713857	0.989784
1.714857	0.989641
1.715858	0.989497
1.716858	0.989352
1.717859	0.989206
1.718859	0.989059
1.719860	0.988911
1.720860	0.988761
1.721861	0.988611
1.722861	0.988460
1.723862	0.988308
1.724862	0.988155
1.725863	0.988001
1.726863	0.987846
1.727864	0.987690
1.728864	0.987533
1.729865	0.987375
1.730865	0.987216
1.731866	0.987056
1.732866	0.986895
1.733867	0.986733
1.734867	0.986571
1.735868	0.986407
1.736868	0.986242
1.737869	0.986076
1.738869	0.985909
1.739870	0.985741
1.740870	0.985572
1.741871	0.985402
1.742871	0.985232
1.743872	0.985060
1.744872	0.984887
1.745873	0.984713
1.746873	0.984538
1.747874	0.984363
1.748874	0.984186
1.749875	0.984008
1.750875	0.983830
1.751876	0.983650
1.752876	0.983469
1.753877	0.983288
1.754877	0.983105
1.755878	0.982921
1.756878	0.982737
1.757879	0.982551
1.758879	0.982364
1.759880	0.982177
1.760880	0.981988
1.761881	0.981799
1.762881	0.981608
1.763882	0.981417
1.764882	0.981224
1.765883	0.981031
1.766883	0.980836
1.767884	0.980641
1.768884	0.980445
1.769885	0.980247
1.770885	0.980049
1.771886	0.979850
1.772886	0.979649
1.773887	0.979448
1.774887	0.979246
1.775888	0.979042
1.776888	0.978838
1.777889	0.978633
1.778889	0.978427
1.779890	0.978219
1.780890	0.978011
1.781891	0.977802
1.782891	0.977592
1.783892	0.977381
1.784892	0.977169
1.785893	0.976956
1.786893	0.976742
1.787894	0.976527
1.788894	0.976311
1.789895	0.976094
1.790895	0.975876
1.791896	0.975657
1.792896	0.975437
1.793897	0.975216
1.794897	0.974994
1.795898	0.974771
1.796898	0.974548
1.797899	0.974323
1.798899	0.974097
1.799900	0.973870
1.800900	0.973643
1.801901	0.973414
1.802901	0.973184
1.803902	0.972954
1.804902	0.972722
1.805903	0.972490
1.806903	0.972256
1.807904	0.972021
1.808904	0.971786
1.809905	0.971549
1.810905	0.971312
1.811906	0.971074
1.812906	0.970834
1.813907	0.970594
1.814907	0.970353
1.815908	0.970110
1.816908	0.969867
1.817909	0.969623
1.818909	0.969378
1.819910	0.969131
1.820910	0.968884
1.821911	0.968636
1.822911	0.968387
1.823912	0.968137
1.824912	0.967886
1.825913	0.967634
1.826913	0.967381
1.827914	0.967127
1.828914	0.966872
1.829915	0.966616
1.830915	0.966359
1.831916	0.966102
1.832916	0.965843
1.833917	0.965583
1.834917	0.965322
1.835918	0.965061
1.836918	0.964798
1.837919	0.964534
1.838919	0.964270
1.839920	0.964004
1.840920	0.963738
1.841921	0.963470
1.842921	0.963202
1.843922	0.962932
1.844922	0.962662
1.845923	0.962391
1.846923	0.962119
1.847924	0.961845
1.848924	0.961571
1.849925	0.961296
1.850925	0.961020
1.851926	0.960743
1.852926	0.960465
1.853927	0.960186
1.854927	0.959906
1.855928	0.959625
1.856928	0.959343
1.857929	0.959060
1.858929	0.958776
1.859930	0.958491
1.860930	0.958206
1.861931	0.957919
1.862931	0.957631
1.863932	0.957343
1.864932	0.957053
1.865933	0.956762
1.866933	0.956471
1.867934	0.956178
1.868934	0.955885
1.869935	0.955591
1.870935	0.955295
1.871936	0.954999
1.872936	0.954702
1.873937	0.954404
1.874937	0.954105
1.875938	0.953804
1.876938	0.953503
1.877939	0.953201
1.878939	0.952898
1.879940	0.952594
1.880940	0.952290
1.881941	0.951984
1.882941	0.951677
1.883942	0.951369
1.884942	0.951061
1.885943	0.950751
1.886943	0.950440
1.887944	0.950129
1.888944	0.949816
1.889945	0.949503
1.890945	0.949188
1.891946	0.948873
1.892946	0.948557
1.893947	0.948240
1.894947	0.947921
1.895948	0.947602
1.896948	0.947282
1.897949	0.946961
1.898949	0.946639
1.899950	0.946316
1.900950	0.945992
1.901951	0.945668
1.902951	0.945342
1.903952	0.945015
1.904952	0.944687
1.905953	0.944359
1.906953	0.944029
1.907954	0.943699
1.908954	0.943367
1.909955	0.943035
1.910955	0.942702
1.911956	0.942367
1.912956	0.942032
1.913957	0.941696
1.914957	0.941359
1.915958	0.941021
1.916958	0.940682
1.917959	0.940342
1.918959	0.940001
1.919960	0.939659
1.920960	0.939316
1.921961	0.938973
1.922961	0.938628
1.923962	0.938283
1.924962	0.937936
1.925963	0.937589
1.926963	0.937240
1.927964	0.936891
1.928964	0.936541
1.929965	0.936189
1.930965	0.935837
1.931966	0.935484
1.932966	0.935130
1.933967	0.934775
1.934967	0.934419
1.935968	0.934062
1.936968	0.933705
1.937969	0.933346
1.938969	0.932986
1.939970	0.932626
1.940970	0.932264
1.941971	0.931902
1.942971	0.931539
1.943972	0.931174
1.944972	0.930809
1.945973	0.930443
1.946973	0.930076
1.947974	0.929708
1.948974	0.929339
1.949975	0.928969
1.950975	0.928598
1.951976	0.928226
1.952976	0.927854
1.953977	0.927480
1.954977	0.927106
1.955978	0.926730
1.956978	0.926354
1.957979	0.925977
1.958979	0.925598
1.959980	0.925219
1.960980	0.924839
1.961981	0.924458
1.962981	0.924076
1.963982	0.923693
1.964982	0.923309
1.965983	0.922925
1.966983	0.922539
1.967984	0.922153
1.968984	0.921765
1.969985	0.921377
1.970985	0.920987
1.971986	0.920597
1.972986	0.920206
1.973987	0.919814
1.974987	0.919421
1.975988	0.919027
1.976988	0.918632
1.977989	0.918236
1.978989	0.917840
1.979990	0.917442
1.980990	0.917043
1.981991	0.916644
1.982991	0.916244
1.983992	0.915842
1.984992	0.915440
1.985993	0.915037
1.986993	0.914633
1.987994	0.914228
1.988994	0.913822
1.989995	0.913415
1.990995	0.913008
1.991996	0.912599
1.992996	0.912190
1.993997	0.911779
1.994997	0.911368
1.995998	0.910956
1.996998	0.910542
1.997999	0.910128
1.998999	0.909713
2.000000	0.909297
>>> 
... 
... def main():
...     # Number of table entries
...     num_points = 2000
... 
...     # Define the range
...     x_start = 0.0
...     x_end = 2.0
... 
...     # Step size
...     step = (x_end - x_start) / (num_points - 1)
... 
...     # Print table header
...     print("x\t\tsin(x)")
...     print("----------------------")
... 
...     # Generate and print table values
...     for i in range(num_points):
...         x = x_start + i * step
...         y = math.sin(x)
...         print(f"{x:.6f}\t{y:.6f}")
... 
... # Run the main function
... main()
